1.000000000000000000e+00 1.883506774902343750e-04 4.334245586395263672e+01
2.000000000000000000e+00 2.617835998535156250e-04 7.971534585952758789e+01
3.000000000000000000e+00 3.588199615478515625e-04 1.843788712024688721e+02
4.000000000000000000e+00 1.676082611083984375e-04 2.017225074768066406e+01
5.000000000000000000e+00 1.647472381591796875e-04 1.740585184097290039e+01
6.000000000000000000e+00 3.075599670410156250e-04 1.189256815910339355e+02
7.000000000000000000e+00 1.876354217529296875e-04 3.649695062637329102e+01
8.000000000000000000e+00 1.659393310546875000e-04 2.202857232093811035e+01
9.000000000000000000e+00 3.852844238281250000e-04 2.103960335254669189e+02
1.000000000000000000e+01 3.464221954345703125e-04 1.700876288414001465e+02
1.100000000000000000e+01 3.137588500976562500e-04 1.260017814636230469e+02
1.200000000000000000e+01 3.948211669921875000e-04 1.683190348148345947e+02
1.300000000000000000e+01 2.567768096923828125e-04 7.922690272331237793e+01
1.400000000000000000e+01 1.869201660156250000e-04 3.975560879707336426e+01
1.500000000000000000e+01 1.690387725830078125e-04 2.567355680465698242e+01
1.600000000000000000e+01 2.319812774658203125e-04 6.960738968849182129e+01
1.700000000000000000e+01 2.725124359130859375e-04 1.035240030288696289e+02
1.800000000000000000e+01 2.110004425048828125e-04 5.074777340888977051e+01
1.900000000000000000e+01 2.787113189697265625e-04 1.112174189090728760e+02
2.000000000000000000e+01 3.368854522705078125e-04 1.524320399761199951e+02
2.100000000000000000e+01 3.499984741210937500e-04 1.666841967105865479e+02
2.200000000000000000e+01 3.931522369384765625e-04 2.165016963481903076e+02
2.300000000000000000e+01 4.117488861083984375e-04 1.747606363296508789e+02
2.400000000000000000e+01 2.951622009277343750e-04 1.174341120719909668e+02
2.500000000000000000e+01 3.435611724853515625e-04 1.645829668045043945e+02
2.600000000000000000e+01 2.763271331787109375e-04 1.039855868816375732e+02
2.700000000000000000e+01 2.925395965576171875e-04 1.049746553897857666e+02
2.800000000000000000e+01 2.121925354003906250e-04 5.672572326660156250e+01
2.900000000000000000e+01 3.058910369873046875e-04 1.248229091167449951e+02
3.000000000000000000e+01 3.287792205810546875e-04 8.906288170814514160e+01
3.100000000000000000e+01 3.337860107421875000e-04 1.557647526264190674e+02
3.200000000000000000e+01 3.345012664794921875e-04 1.504363749027252197e+02
3.300000000000000000e+01 3.333091735839843750e-04 1.477663984298706055e+02
3.400000000000000000e+01 3.230571746826171875e-04 1.439644107818603516e+02
3.500000000000000000e+01 3.561973571777343750e-04 1.811554579734802246e+02
3.600000000000000000e+01 2.567768096923828125e-04 8.179653882980346680e+01
3.700000000000000000e+01 2.472400665283203125e-04 8.241158246994018555e+01
3.800000000000000000e+01 2.892017364501953125e-04 1.043975033760070801e+02
3.900000000000000000e+01 3.716945648193359375e-04 1.961019616127014160e+02
4.000000000000000000e+01 2.703666687011718750e-04 1.023441216945648193e+02
4.100000000000000000e+01 3.361701965332031250e-04 1.595745673179626465e+02
4.200000000000000000e+01 2.770423889160156250e-04 1.024785540103912354e+02
4.300000000000000000e+01 1.897811889648437500e-04 3.591263389587402344e+01
4.400000000000000000e+01 3.533363342285156250e-04 1.987148134708404541e+02
4.500000000000000000e+01 3.478527069091796875e-04 1.673460249900817871e+02
4.600000000000000000e+01 3.645420074462890625e-04 2.206309580802917480e+02
4.700000000000000000e+01 2.913475036621093750e-04 1.042052166461944580e+02
4.800000000000000000e+01 3.194808959960937500e-04 1.421596992015838623e+02
4.900000000000000000e+01 2.937316894531250000e-04 1.041913549900054932e+02
5.000000000000000000e+01 3.542900085449218750e-04 1.348944747447967529e+02
5.100000000000000000e+01 3.721714019775390625e-04 1.924140646457672119e+02
5.200000000000000000e+01 2.927780151367187500e-04 1.130728919506072998e+02
5.300000000000000000e+01 3.166198730468750000e-04 1.245454676151275635e+02
5.400000000000000000e+01 2.114772796630859375e-04 4.846360516548156738e+01
5.500000000000000000e+01 3.340244293212890625e-04 1.531403908729553223e+02
5.600000000000000000e+01 2.365112304687500000e-04 7.442480540275573730e+01
5.700000000000000000e+01 3.616809844970703125e-04 1.853809354305267334e+02
5.800000000000000000e+01 1.409053802490234375e-04 9.725761175155639648e+00
5.900000000000000000e+01 3.457069396972656250e-04 1.662434580326080322e+02
6.000000000000000000e+01 2.346038818359375000e-04 6.487316489219665527e+01
6.100000000000000000e+01 1.435279846191406250e-04 1.973942518234252930e+00
6.200000000000000000e+01 1.924037933349609375e-04 3.114106225967407227e+01
6.300000000000000000e+01 3.595352172851562500e-04 1.777829880714416504e+02
6.400000000000000000e+01 3.554821014404296875e-04 1.871227211952209473e+02
6.500000000000000000e+01 3.204345703125000000e-04 1.491925179958343506e+02
6.600000000000000000e+01 3.561973571777343750e-04 1.855077924728393555e+02
6.700000000000000000e+01 1.704692840576171875e-04 1.653798007965087891e+01
6.800000000000000000e+01 2.498626708984375000e-04 8.677813720703125000e+01
6.900000000000000000e+01 1.420974731445312500e-04 7.805554866790771484e-01
7.000000000000000000e+01 1.690387725830078125e-04 2.304973793029785156e+01
7.100000000000000000e+01 3.454685211181640625e-04 1.752697682380676270e+02
7.200000000000000000e+01 3.867149353027343750e-04 2.122120609283447266e+02
7.300000000000000000e+01 3.492832183837890625e-04 1.707993757724761963e+02
7.400000000000000000e+01 2.572536468505859375e-04 8.182081341743469238e+01
7.500000000000000000e+01 2.326965332031250000e-04 6.285869836807250977e+01
7.600000000000000000e+01 1.418590545654296875e-04 5.299360275268554688e+00
7.700000000000000000e+01 3.719329833984375000e-04 2.118343694210052490e+02
7.800000000000000000e+01 2.379417419433593750e-04 6.964521408081054688e+01
7.900000000000000000e+01 2.894401550292968750e-04 1.092249436378479004e+02
8.000000000000000000e+01 3.278255462646484375e-04 1.676970963478088379e+02
8.100000000000000000e+01 3.740787506103515625e-04 1.327217280864715576e+02
8.200000000000000000e+01 3.859996795654296875e-04 2.193352169990539551e+02
8.300000000000000000e+01 3.716945648193359375e-04 2.012769372463226318e+02
8.400000000000000000e+01 3.454685211181640625e-04 1.740606145858764648e+02
8.500000000000000000e+01 3.659725189208984375e-04 2.005490562915802002e+02
8.600000000000000000e+01 2.751350402832031250e-04 1.018570275306701660e+02
8.700000000000000000e+01 3.604888916015625000e-04 1.878379514217376709e+02
8.800000000000000000e+01 2.961158752441406250e-04 1.163690204620361328e+02
8.900000000000000000e+01 1.413822174072265625e-04 1.115981864929199219e+01
9.000000000000000000e+01 2.312660217285156250e-04 3.881402087211608887e+01
9.100000000000000000e+01 3.156661987304687500e-04 1.328750000000000000e+02
9.200000000000000000e+01 1.392364501953125000e-04 5.576805830001831055e+00
9.300000000000000000e+01 3.631114959716796875e-04 2.156608395576477051e+02
9.400000000000000000e+01 2.911090850830078125e-04 1.153297500610351562e+02
9.500000000000000000e+01 3.175735473632812500e-04 1.376362862586975098e+02
9.600000000000000000e+01 2.932548522949218750e-04 1.107362790107727051e+02
9.700000000000000000e+01 3.333091735839843750e-04 1.046745901107788086e+02
9.800000000000000000e+01 1.900196075439453125e-04 3.202632761001586914e+01
9.900000000000000000e+01 2.722740173339843750e-04 8.925954031944274902e+01
1.000000000000000000e+02 3.826618194580078125e-04 2.216005935668945312e+02
