1.000000000000000000e+00 1.673698425292968750e-04 2.103751301765441895e+01
2.000000000000000000e+00 1.902580261230468750e-04 3.343160223960876465e+01
3.000000000000000000e+00 1.649856567382812500e-04 1.840905261039733887e+01
4.000000000000000000e+00 1.430511474609375000e-04 9.589440345764160156e+00
5.000000000000000000e+00 2.069473266601562500e-04 4.380495738983154297e+01
6.000000000000000000e+00 1.378059387207031250e-04 4.600651264190673828e+00
7.000000000000000000e+00 1.850128173828125000e-04 3.645913338661193848e+01
8.000000000000000000e+00 1.955032348632812500e-04 4.076422238349914551e+01
9.000000000000000000e+00 1.418590545654296875e-04 5.854179859161376953e+00
1.000000000000000000e+01 2.303123474121093750e-04 6.314491820335388184e+01
1.100000000000000000e+01 1.385211944580078125e-04 8.446919202804565430e+00
1.200000000000000000e+01 2.033710479736328125e-04 4.391727256774902344e+01
1.300000000000000000e+01 1.385211944580078125e-04 5.630152225494384766e+00
1.400000000000000000e+01 1.351833343505859375e-04 2.369484424591064453e+00
1.500000000000000000e+01 1.671314239501953125e-04 2.104384422302246094e+01
1.600000000000000000e+01 2.064704895019531250e-04 5.284318280220031738e+01
1.700000000000000000e+01 1.664161682128906250e-04 1.725793147087097168e+01
1.800000000000000000e+01 2.222061157226562500e-04 4.568937325477600098e+01
1.900000000000000000e+01 2.062320709228515625e-04 5.657108855247497559e+01
2.000000000000000000e+01 1.983642578125000000e-04 3.098687314987182617e+01
2.100000000000000000e+01 1.378059387207031250e-04 4.754257202148437500e+00
2.200000000000000000e+01 2.171993255615234375e-04 4.448560667037963867e+01
2.300000000000000000e+01 2.198219299316406250e-04 5.447815680503845215e+01
2.400000000000000000e+01 1.659393310546875000e-04 1.566189217567443848e+01
2.500000000000000000e+01 1.397132873535156250e-04 7.598058462142944336e+00
2.600000000000000000e+01 1.645088195800781250e-04 2.585729455947875977e+01
2.700000000000000000e+01 1.947879791259765625e-04 4.322733759880065918e+01
2.800000000000000000e+01 1.401901245117187500e-04 2.751103878021240234e+00
2.900000000000000000e+01 1.382827758789062500e-04 3.616233348846435547e+00
3.000000000000000000e+01 1.878738403320312500e-04 4.318828344345092773e+01
3.100000000000000000e+01 2.326965332031250000e-04 6.153363490104675293e+01
3.200000000000000000e+01 1.645088195800781250e-04 1.910593914985656738e+01
3.300000000000000000e+01 1.935958862304687500e-04 3.068629646301269531e+01
3.400000000000000000e+01 1.652240753173828125e-04 2.725911116600036621e+01
3.500000000000000000e+01 2.367496490478515625e-04 6.898783302307128906e+01
3.600000000000000000e+01 1.876354217529296875e-04 3.824886631965637207e+01
3.700000000000000000e+01 1.869201660156250000e-04 4.275817489624023438e+01
3.800000000000000000e+01 1.680850982666015625e-04 1.727964639663696289e+01
3.900000000000000000e+01 2.288818359375000000e-04 7.158018660545349121e+01
4.000000000000000000e+01 2.307891845703125000e-04 6.683558082580566406e+01
4.100000000000000000e+01 1.401901245117187500e-04 4.123485803604125977e+00
4.200000000000000000e+01 1.823902130126953125e-04 3.384081816673278809e+01
4.300000000000000000e+01 2.160072326660156250e-04 5.399202227592468262e+01
4.400000000000000000e+01 1.876354217529296875e-04 3.836082792282104492e+01
4.500000000000000000e+01 1.435279846191406250e-04 1.429769849777221680e+01
4.600000000000000000e+01 2.071857452392578125e-04 5.743558311462402344e+01
4.700000000000000000e+01 1.389980316162109375e-04 1.284541082382202148e+01
4.800000000000000000e+01 2.086162567138671875e-04 5.338614916801452637e+01
4.900000000000000000e+01 1.840591430664062500e-04 2.949123620986938477e+01
5.000000000000000000e+01 3.123283386230468750e-04 5.140197157859802246e+01
5.100000000000000000e+01 1.957416534423828125e-04 3.341634607315063477e+01
5.200000000000000000e+01 1.373291015625000000e-04 4.975383996963500977e+00
5.300000000000000000e+01 1.676082611083984375e-04 1.880677318572998047e+01
5.400000000000000000e+01 2.124309539794921875e-04 5.818581104278564453e+01
5.500000000000000000e+01 1.432895660400390625e-04 1.088343858718872070e+01
5.600000000000000000e+01 1.683235168457031250e-04 2.637867283821105957e+01
5.700000000000000000e+01 2.427101135253906250e-04 4.607569241523742676e+01
5.800000000000000000e+01 1.885890960693359375e-04 4.277788710594177246e+01
5.900000000000000000e+01 1.409053802490234375e-04 7.190031051635742188e+00
6.000000000000000000e+01 1.680850982666015625e-04 1.903882646560668945e+01
6.100000000000000000e+01 1.413822174072265625e-04 9.034163951873779297e+00
6.200000000000000000e+01 2.295970916748046875e-04 7.171311998367309570e+01
6.300000000000000000e+01 1.373291015625000000e-04 7.667656421661376953e+00
6.400000000000000000e+01 1.418590545654296875e-04 1.276003265380859375e+01
6.500000000000000000e+01 1.902580261230468750e-04 3.371540141105651855e+01
6.600000000000000000e+01 1.771450042724609375e-04 1.133502435684204102e+01
6.700000000000000000e+01 2.315044403076171875e-04 6.788342094421386719e+01
6.800000000000000000e+01 1.654624938964843750e-04 2.892987370491027832e+01
6.900000000000000000e+01 1.935958862304687500e-04 4.115440893173217773e+01
7.000000000000000000e+01 1.897811889648437500e-04 3.072280883789062500e+01
7.100000000000000000e+01 1.907348632812500000e-04 3.778475689888000488e+01
7.200000000000000000e+01 2.148151397705078125e-04 5.515940403938293457e+01
7.300000000000000000e+01 2.291202545166015625e-04 6.612255334854125977e+01
7.400000000000000000e+01 1.873970031738281250e-04 3.832970404624938965e+01
7.500000000000000000e+01 2.117156982421875000e-04 5.665049409866333008e+01
7.600000000000000000e+01 1.382827758789062500e-04 5.283145904541015625e+00
7.700000000000000000e+01 1.890659332275390625e-04 4.099543046951293945e+01
7.800000000000000000e+01 1.652240753173828125e-04 2.761424994468688965e+01
7.900000000000000000e+01 2.071857452392578125e-04 4.978018784523010254e+01
8.000000000000000000e+01 2.272129058837890625e-04 6.973397350311279297e+01
8.100000000000000000e+01 1.866817474365234375e-04 3.123032951354980469e+01
8.200000000000000000e+01 2.324581146240234375e-04 6.289431548118591309e+01
8.300000000000000000e+01 2.157688140869140625e-04 4.604728221893310547e+01
8.400000000000000000e+01 1.897811889648437500e-04 3.656243395805358887e+01
8.500000000000000000e+01 2.088546752929687500e-04 4.871066689491271973e+01
8.600000000000000000e+01 1.981258392333984375e-04 4.349953341484069824e+01
8.700000000000000000e+01 1.828670501708984375e-04 4.223825812339782715e+01
8.800000000000000000e+01 2.307891845703125000e-04 7.158082318305969238e+01
8.900000000000000000e+01 1.382827758789062500e-04 9.048444271087646484e+00
9.000000000000000000e+01 2.276897430419921875e-04 2.974822306632995605e+01
9.100000000000000000e+01 2.076625823974609375e-04 5.410170388221740723e+01
9.200000000000000000e+01 2.069473266601562500e-04 4.568573999404907227e+01
9.300000000000000000e+01 2.582073211669921875e-04 1.860167384147644043e+01
9.400000000000000000e+01 1.406669616699218750e-04 5.084461927413940430e+00
9.500000000000000000e+01 2.274513244628906250e-04 3.318061280250549316e+01
9.600000000000000000e+01 1.418590545654296875e-04 2.711148977279663086e+00
9.700000000000000000e+01 2.284049987792968750e-04 6.474156260490417480e+01
9.800000000000000000e+01 2.050399780273437500e-04 5.737242674827575684e+01
9.900000000000000000e+01 2.336502075195312500e-04 6.803081512451171875e+01
1.000000000000000000e+02 1.366138458251953125e-04 8.034690618515014648e+00
