1.000000000000000000e+00 4.153251647949218750e-04 2.550857911109924316e+02
2.000000000000000000e+00 4.670619964599609375e-04 3.045669000148773193e+02
3.000000000000000000e+00 5.218982696533203125e-04 3.998379805088043213e+02
4.000000000000000000e+00 1.823902130126953125e-04 1.416210436820983887e+01
5.000000000000000000e+00 2.725124359130859375e-04 9.728894662857055664e+01
6.000000000000000000e+00 4.274845123291015625e-04 2.146483201980590820e+02
7.000000000000000000e+00 7.255077362060546875e-04 5.762401962280273438e+02
8.000000000000000000e+00 7.100105285644531250e-04 6.450830175876617432e+02
9.000000000000000000e+00 2.627372741699218750e-04 6.806925654411315918e+01
1.000000000000000000e+01 6.024837493896484375e-04 4.879462871551513672e+02
1.100000000000000000e+01 6.728172302246093750e-04 5.561069710254669189e+02
1.200000000000000000e+01 3.242492675781250000e-04 1.378495688438415527e+02
1.300000000000000000e+01 6.711483001708984375e-04 5.487747688293457031e+02
1.400000000000000000e+01 7.333755493164062500e-04 6.589653592109680176e+02
1.500000000000000000e+01 3.545284271240234375e-04 1.759860117435455322e+02
1.600000000000000000e+01 2.610683441162109375e-04 9.941962122917175293e+01
1.700000000000000000e+01 7.951259613037109375e-04 7.165998864173889160e+02
1.800000000000000000e+01 7.321834564208984375e-04 6.514914863109588623e+02
1.900000000000000000e+01 3.652572631835937500e-04 1.819657382965087891e+02
2.000000000000000000e+01 4.575252532958984375e-04 3.131610434055328369e+02
2.100000000000000000e+01 3.061294555664062500e-04 1.259838480949401855e+02
2.200000000000000000e+01 4.415512084960937500e-04 2.991257414817810059e+02
2.300000000000000000e+01 3.368854522705078125e-04 1.624982428550720215e+02
2.400000000000000000e+01 3.981590270996093750e-04 2.389146614074707031e+02
2.500000000000000000e+01 6.308555603027343750e-04 4.199221179485321045e+02
2.600000000000000000e+01 2.615451812744140625e-04 9.951688814163208008e+01
2.700000000000000000e+01 2.117156982421875000e-04 5.388189530372619629e+01
2.800000000000000000e+01 4.043579101562500000e-04 2.580237865447998047e+02
2.900000000000000000e+01 6.468296051025390625e-04 5.451464645862579346e+02
3.000000000000000000e+01 6.246566772460937500e-04 5.389544563293457031e+02
3.100000000000000000e+01 4.591941833496093750e-04 2.655649397373199463e+02
3.200000000000000000e+01 5.826950073242187500e-04 4.924161078929901123e+02
3.300000000000000000e+01 3.724098205566406250e-04 2.083340253829956055e+02
3.400000000000000000e+01 7.071495056152343750e-04 5.622365112304687500e+02
3.500000000000000000e+01 6.794929504394531250e-04 5.855782132148742676e+02
3.600000000000000000e+01 7.812976837158203125e-04 6.693875815868377686e+02
3.700000000000000000e+01 2.081394195556640625e-04 5.054400897026062012e+01
3.800000000000000000e+01 7.889270782470703125e-04 7.057750205993652344e+02
3.900000000000000000e+01 6.694793701171875000e-04 5.477578823566436768e+02
4.000000000000000000e+01 7.526874542236328125e-04 6.640441091060638428e+02
4.100000000000000000e+01 3.778934478759765625e-04 1.895596067905426025e+02
4.200000000000000000e+01 7.843971252441406250e-04 7.094438617229461670e+02
4.300000000000000000e+01 5.800724029541015625e-04 4.388830220699310303e+02
4.400000000000000000e+01 7.255077362060546875e-04 6.137130434513092041e+02
4.500000000000000000e+01 6.108283996582031250e-04 4.800855457782745361e+02
4.600000000000000000e+01 2.179145812988281250e-04 4.523012638092041016e+01
4.700000000000000000e+01 5.023479461669921875e-04 3.474326696395874023e+02
4.800000000000000000e+01 4.088878631591796875e-04 2.417262172698974609e+02
4.900000000000000000e+01 2.138614654541015625e-04 4.667447805404663086e+01
5.000000000000000000e+01 3.809928894042968750e-04 2.066458654403686523e+02
5.100000000000000000e+01 3.092288970947265625e-04 1.167118539810180664e+02
5.200000000000000000e+01 7.386207580566406250e-04 6.516431481838226318e+02
5.300000000000000000e+01 7.951259613037109375e-04 7.169712264537811279e+02
5.400000000000000000e+01 1.404285430908203125e-04 9.606812715530395508e+00
5.500000000000000000e+01 2.090930938720703125e-04 4.779867577552795410e+01
5.600000000000000000e+01 5.013942718505859375e-04 3.482994220256805420e+02
5.700000000000000000e+01 4.341602325439453125e-04 2.650923163890838623e+02
5.800000000000000000e+01 3.468990325927734375e-04 1.697260797023773193e+02
5.900000000000000000e+01 3.659725189208984375e-04 1.838670775890350342e+02
6.000000000000000000e+01 6.358623504638671875e-04 5.220724053382873535e+02
6.100000000000000000e+01 7.200241088867187500e-04 6.175601022243499756e+02
6.200000000000000000e+01 3.228187561035156250e-04 1.510581767559051514e+02
6.300000000000000000e+01 5.400180816650390625e-04 4.207053129673004150e+02
6.400000000000000000e+01 3.952980041503906250e-04 2.191030585765838623e+02
6.500000000000000000e+01 3.633499145507812500e-04 1.739514739513397217e+02
6.600000000000000000e+01 1.671314239501953125e-04 1.767709302902221680e+01
6.700000000000000000e+01 4.723072052001953125e-04 3.097419087886810303e+02
6.800000000000000000e+01 5.972385406494140625e-04 4.771725463867187500e+02
6.900000000000000000e+01 7.922649383544921875e-04 7.008026099205017090e+02
7.000000000000000000e+01 5.087852478027343750e-04 3.739315936565399170e+02
7.100000000000000000e+01 4.000663757324218750e-04 2.271028761863708496e+02
7.200000000000000000e+01 6.823539733886718750e-04 5.025045552253723145e+02
7.300000000000000000e+01 3.619194030761718750e-04 1.732457163333892822e+02
7.400000000000000000e+01 4.446506500244140625e-04 2.864302303791046143e+02
7.500000000000000000e+01 4.477500915527343750e-04 2.805711910724639893e+02
7.600000000000000000e+01 2.591609954833984375e-04 7.879818749427795410e+01
7.700000000000000000e+01 6.902217864990234375e-04 5.286049480438232422e+02
7.800000000000000000e+01 4.880428314208984375e-04 3.495335671901702881e+02
7.900000000000000000e+01 3.979206085205078125e-04 2.170635223388671875e+02
8.000000000000000000e+01 6.814002990722656250e-04 5.756195452213287354e+02
8.100000000000000000e+01 5.946159362792968750e-04 4.623694181442260742e+02
8.200000000000000000e+01 4.234313964843750000e-04 2.453580846786499023e+02
8.300000000000000000e+01 6.220340728759765625e-04 4.897286987304687500e+02
8.400000000000000000e+01 6.031990051269531250e-04 4.816149828433990479e+02
8.500000000000000000e+01 3.709793090820312500e-04 1.933130149841308594e+02
8.600000000000000000e+01 5.829334259033203125e-04 4.506532051563262939e+02
8.700000000000000000e+01 8.506774902343750000e-04 7.060945665836334229e+02
8.800000000000000000e+01 6.773471832275390625e-04 5.748802680969238281e+02
8.900000000000000000e+01 7.069110870361328125e-04 6.024193620681762695e+02
9.000000000000000000e+01 7.548332214355468750e-04 6.696641709804534912e+02
9.100000000000000000e+01 4.441738128662109375e-04 2.811062648296356201e+02
9.200000000000000000e+01 7.810592651367187500e-04 7.023282787799835205e+02
9.300000000000000000e+01 3.824234008789062500e-04 2.051669239997863770e+02
9.400000000000000000e+01 4.148483276367187500e-04 2.623580365180969238e+02
9.500000000000000000e+01 5.490779876708984375e-04 4.013047609329223633e+02
9.600000000000000000e+01 2.331733703613281250e-04 6.266020536422729492e+01
9.700000000000000000e+01 6.902217864990234375e-04 5.707028553485870361e+02
9.800000000000000000e+01 4.994869232177734375e-04 2.986772260665893555e+02
9.900000000000000000e+01 1.633167266845703125e-04 2.250090289115905762e+01
1.000000000000000000e+02 2.310276031494140625e-04 6.479636693000793457e+01
