1.000000000000000000e+00 7.844924926757812500e-03 6.778025885105133057e+03
2.000000000000000000e+00 5.349874496459960938e-03 4.528319206476211548e+03
3.000000000000000000e+00 6.656646728515625000e-04 3.048862984180450439e+02
4.000000000000000000e+00 7.238388061523437500e-04 3.551879711151123047e+02
5.000000000000000000e+00 7.435321807861328125e-03 6.447515996217727661e+03
6.000000000000000000e+00 7.416486740112304688e-03 6.545832601308822632e+03
7.000000000000000000e+00 4.969358444213867188e-03 4.235101956129074097e+03
8.000000000000000000e+00 7.009744644165039062e-03 6.116965482473373413e+03
9.000000000000000000e+00 4.874467849731445312e-03 4.165075056552886963e+03
1.000000000000000000e+01 8.016347885131835938e-03 6.987433761596679688e+03
1.100000000000000000e+01 2.424716949462890625e-03 1.900740900278091431e+03
1.200000000000000000e+01 1.014709472656250000e-03 6.209797477722167969e+02
1.300000000000000000e+01 7.261276245117187500e-03 6.265135083436965942e+03
1.400000000000000000e+01 5.616188049316406250e-03 4.793005657434463501e+03
1.500000000000000000e+01 2.013444900512695312e-03 1.557467148065567017e+03
1.600000000000000000e+01 1.324892044067382812e-03 8.887830224037170410e+02
1.700000000000000000e+01 6.456613540649414062e-03 5.544517845630645752e+03
1.800000000000000000e+01 7.387638092041015625e-03 6.543622994661331177e+03
1.900000000000000000e+01 6.759881973266601562e-03 5.814363296270370483e+03
2.000000000000000000e+01 6.071329116821289062e-03 5.268354645967483521e+03
2.100000000000000000e+01 5.263090133666992188e-03 4.533964370727539062e+03
2.200000000000000000e+01 2.178192138671875000e-03 1.617294283390045166e+03
2.300000000000000000e+01 1.919984817504882812e-03 1.397694991111755371e+03
2.400000000000000000e+01 5.195379257202148438e-03 4.495985999345779419e+03
2.500000000000000000e+01 2.872467041015625000e-03 2.356223217248916626e+03
2.600000000000000000e+01 5.006551742553710938e-03 4.328182293176651001e+03
2.700000000000000000e+01 4.635334014892578125e-03 3.926048641681671143e+03
2.800000000000000000e+01 5.548000335693359375e-04 1.891087009906768799e+02
2.900000000000000000e+01 2.891778945922851562e-03 2.336873205423355103e+03
3.000000000000000000e+01 3.731250762939453125e-04 1.698749756813049316e+01
3.100000000000000000e+01 2.871751785278320312e-03 2.359185221433639526e+03
3.200000000000000000e+01 5.376815795898437500e-03 4.644712556600570679e+03
3.300000000000000000e+01 4.644393920898437500e-04 1.220915107727050781e+02
3.400000000000000000e+01 5.437135696411132812e-03 4.686687900066375732e+03
3.500000000000000000e+01 6.249666213989257812e-03 5.347635210514068604e+03
3.600000000000000000e+01 3.443479537963867188e-03 2.861431472063064575e+03
3.700000000000000000e+01 6.572723388671875000e-03 5.453731802225112915e+03
3.800000000000000000e+01 2.551794052124023438e-03 1.968116264581680298e+03
3.900000000000000000e+01 6.673097610473632812e-03 5.850975704908370972e+03
4.000000000000000000e+01 7.491350173950195312e-03 6.601633546352386475e+03
4.100000000000000000e+01 4.433155059814453125e-03 3.713241640806198120e+03
4.200000000000000000e+01 1.779079437255859375e-03 1.353909803152084351e+03
4.300000000000000000e+01 7.450103759765625000e-03 6.629411659479141235e+03
4.400000000000000000e+01 3.356456756591796875e-03 2.727972568035125732e+03
4.500000000000000000e+01 4.368782043457031250e-03 3.695801310300827026e+03
4.600000000000000000e+01 7.420301437377929688e-03 6.480943196773529053e+03
4.700000000000000000e+01 5.226135253906250000e-04 9.187666559219360352e+01
4.800000000000000000e+01 8.287429809570312500e-04 4.388943750858306885e+02
4.900000000000000000e+01 7.054328918457031250e-03 6.114389342069625854e+03
5.000000000000000000e+01 3.149747848510742188e-03 2.542988600015640259e+03
5.100000000000000000e+01 6.246328353881835938e-03 5.404704894065856934e+03
5.200000000000000000e+01 1.834154129028320312e-03 1.356740477323532104e+03
5.300000000000000000e+01 4.871129989624023438e-03 4.147164349555969238e+03
5.400000000000000000e+01 6.949186325073242188e-03 6.000085875034332275e+03
5.500000000000000000e+01 1.104235649108886719e-02 5.989354547977447510e+03
5.600000000000000000e+01 7.320642471313476562e-03 6.435881852865219116e+03
5.700000000000000000e+01 2.778768539428710938e-03 2.230494858264923096e+03
5.800000000000000000e+01 5.628585815429687500e-03 4.789557659864425659e+03
5.900000000000000000e+01 2.928018569946289062e-03 2.324287202358245850e+03
6.000000000000000000e+01 5.951166152954101562e-03 5.086527101993560791e+03
6.100000000000000000e+01 8.104324340820312500e-03 6.976857182025909424e+03
6.200000000000000000e+01 2.294063568115234375e-03 1.738260485887527466e+03
6.300000000000000000e+01 1.083135604858398438e-03 6.828265857696533203e+02
6.400000000000000000e+01 1.104354858398437500e-03 6.998923671245574951e+02
6.500000000000000000e+01 3.339529037475585938e-03 2.716939161300659180e+03
6.600000000000000000e+01 2.860307693481445312e-03 2.294606519937515259e+03
6.700000000000000000e+01 7.593154907226562500e-03 6.620242251873016357e+03
6.800000000000000000e+01 7.322311401367187500e-03 6.401520664930343628e+03
6.900000000000000000e+01 7.795810699462890625e-03 6.847636964321136475e+03
7.000000000000000000e+01 1.724004745483398438e-03 1.260888902902603149e+03
7.100000000000000000e+01 6.948471069335937500e-03 5.944584087848663330e+03
7.200000000000000000e+01 4.397392272949218750e-03 3.727276656150817871e+03
7.300000000000000000e+01 4.109382629394531250e-03 3.399137129306793213e+03
7.400000000000000000e+01 2.843856811523437500e-03 2.320791411638259888e+03
7.500000000000000000e+01 6.460189819335937500e-03 5.740702689170837402e+03
7.600000000000000000e+01 6.871223449707031250e-03 5.963691975831985474e+03
7.700000000000000000e+01 1.155614852905273438e-03 7.286941413879394531e+02
7.800000000000000000e+01 6.865501403808593750e-03 5.942145958900451660e+03
7.900000000000000000e+01 2.573728561401367188e-03 2.065036405563354492e+03
8.000000000000000000e+01 3.710269927978515625e-03 3.089205581188201904e+03
8.100000000000000000e+01 3.313779830932617188e-03 2.701244783878326416e+03
8.200000000000000000e+01 1.487970352172851562e-03 1.040344348192214966e+03
8.300000000000000000e+01 1.644849777221679688e-03 1.119113989591598511e+03
8.400000000000000000e+01 5.203962326049804688e-03 4.492976721048355103e+03
8.500000000000000000e+01 6.163120269775390625e-03 5.210494192600250244e+03
8.600000000000000000e+01 7.266759872436523438e-03 6.350099241971969604e+03
8.700000000000000000e+01 7.710456848144531250e-03 6.822183274030685425e+03
8.800000000000000000e+01 1.569509506225585938e-03 1.049114026546478271e+03
8.900000000000000000e+01 7.597923278808593750e-03 6.558475836515426636e+03
9.000000000000000000e+01 7.618904113769531250e-03 6.590948232412338257e+03
9.100000000000000000e+01 1.439094543457031250e-03 9.794952559471130371e+02
9.200000000000000000e+01 4.677772521972656250e-04 1.104881627559661865e+02
9.300000000000000000e+01 2.811193466186523438e-03 2.191332418918609619e+03
9.400000000000000000e+01 1.441240310668945312e-03 1.004803347110748291e+03
9.500000000000000000e+01 3.065824508666992188e-03 2.434065533638000488e+03
9.600000000000000000e+01 1.867294311523437500e-03 1.306612860918045044e+03
9.700000000000000000e+01 3.095388412475585938e-03 2.480023931264877319e+03
9.800000000000000000e+01 3.016948699951171875e-03 2.372429047822952271e+03
9.900000000000000000e+01 4.130125045776367188e-03 3.447354701757431030e+03
1.000000000000000000e+02 6.894826889038085938e-03 5.916458294868469238e+03
