1.000000000000000000e+00 1.416206359863281250e-04 9.498672962188720703e+00
2.000000000000000000e+00 1.401901245117187500e-04 2.082729339599609375e+00
3.000000000000000000e+00 1.394748687744140625e-04 4.473051786422729492e+00
4.000000000000000000e+00 1.399517059326171875e-04 9.768378257751464844e+00
5.000000000000000000e+00 1.418590545654296875e-04 1.212714338302612305e+01
6.000000000000000000e+00 1.382827758789062500e-04 1.096689772605895996e+01
7.000000000000000000e+00 1.428127288818359375e-04 1.016143703460693359e+01
8.000000000000000000e+00 1.406669616699218750e-04 1.476053977012634277e+01
9.000000000000000000e+00 1.397132873535156250e-04 1.521511030197143555e+01
1.000000000000000000e+01 1.378059387207031250e-04 1.491195559501647949e+01
1.100000000000000000e+01 1.401901245117187500e-04 4.115232944488525391e+00
1.200000000000000000e+01 1.397132873535156250e-04 8.049884319305419922e+00
1.300000000000000000e+01 1.394748687744140625e-04 1.494660139083862305e+00
1.400000000000000000e+01 1.423358917236328125e-04 1.447242498397827148e+01
1.500000000000000000e+01 1.435279846191406250e-04 5.668522119522094727e+00
1.600000000000000000e+01 1.397132873535156250e-04 5.758306980133056641e+00
1.700000000000000000e+01 1.378059387207031250e-04 1.307667732238769531e+00
1.800000000000000000e+01 1.578330993652343750e-04 1.050845050811767578e+01
1.900000000000000000e+01 1.425743103027343750e-04 9.897755861282348633e+00
2.000000000000000000e+01 1.428127288818359375e-04 1.463344097137451172e+00
2.100000000000000000e+01 1.404285430908203125e-04 1.831756830215454102e+00
2.200000000000000000e+01 1.382827758789062500e-04 4.873329877853393555e+00
2.300000000000000000e+01 1.437664031982421875e-04 9.715705394744873047e+00
2.400000000000000000e+01 1.406669616699218750e-04 1.261414265632629395e+01
2.500000000000000000e+01 1.378059387207031250e-04 1.719304561614990234e+00
2.600000000000000000e+01 1.430511474609375000e-04 1.295151710510253906e+00
2.700000000000000000e+01 1.430511474609375000e-04 5.512701034545898438e+00
2.800000000000000000e+01 1.392364501953125000e-04 1.135005879402160645e+01
2.900000000000000000e+01 2.090930938720703125e-04 1.846874475479125977e+00
3.000000000000000000e+01 1.389980316162109375e-04 6.899329423904418945e+00
3.100000000000000000e+01 1.394748687744140625e-04 1.292428922653198242e+01
3.200000000000000000e+01 1.430511474609375000e-04 5.387628555297851562e+00
3.300000000000000000e+01 1.392364501953125000e-04 2.827233314514160156e+00
3.400000000000000000e+01 1.406669616699218750e-04 4.886492013931274414e+00
3.500000000000000000e+01 1.418590545654296875e-04 9.435652017593383789e+00
3.600000000000000000e+01 2.865791320800781250e-04 1.422664880752563477e+00
3.700000000000000000e+01 1.389980316162109375e-04 3.282366514205932617e+00
3.800000000000000000e+01 1.411437988281250000e-04 1.443184328079223633e+01
3.900000000000000000e+01 2.241134643554687500e-04 1.049582958221435547e+01
4.000000000000000000e+01 1.397132873535156250e-04 1.654635667800903320e+00
4.100000000000000000e+01 1.451969146728515625e-04 2.741586446762084961e+00
4.200000000000000000e+01 1.471042633056640625e-04 5.677815675735473633e+00
4.300000000000000000e+01 1.401901245117187500e-04 8.948456764221191406e+00
4.400000000000000000e+01 1.418590545654296875e-04 1.098911142349243164e+01
4.500000000000000000e+01 1.418590545654296875e-04 3.645671367645263672e+00
4.600000000000000000e+01 1.366138458251953125e-04 5.521576404571533203e+00
4.700000000000000000e+01 1.418590545654296875e-04 1.024198770523071289e+01
4.800000000000000000e+01 1.401901245117187500e-04 3.804144620895385742e+00
4.900000000000000000e+01 1.392364501953125000e-04 7.629414081573486328e+00
5.000000000000000000e+01 1.416206359863281250e-04 1.458960556983947754e+01
5.100000000000000000e+01 1.413822174072265625e-04 5.580281496047973633e+00
5.200000000000000000e+01 1.494884490966796875e-04 8.387765884399414062e-01
5.300000000000000000e+01 1.435279846191406250e-04 6.788872241973876953e+00
5.400000000000000000e+01 1.375675201416015625e-04 5.602618217468261719e+00
5.500000000000000000e+01 1.401901245117187500e-04 7.511790275573730469e+00
5.600000000000000000e+01 1.404285430908203125e-04 1.441553616523742676e+01
5.700000000000000000e+01 1.373291015625000000e-04 5.337815761566162109e+00
5.800000000000000000e+01 1.375675201416015625e-04 8.461278438568115234e+00
5.900000000000000000e+01 1.423358917236328125e-04 3.225636959075927734e+00
6.000000000000000000e+01 1.411437988281250000e-04 1.293364620208740234e+01
6.100000000000000000e+01 2.365112304687500000e-04 1.102395772933959961e+00
6.200000000000000000e+01 1.416206359863281250e-04 1.002536296844482422e+00
6.300000000000000000e+01 1.370906829833984375e-04 7.402937889099121094e+00
6.400000000000000000e+01 1.409053802490234375e-04 1.337019443511962891e+00
6.500000000000000000e+01 1.375675201416015625e-04 8.141570806503295898e+00
6.600000000000000000e+01 1.420974731445312500e-04 5.721965074539184570e+00
6.700000000000000000e+01 1.394748687744140625e-04 5.552982568740844727e+00
6.800000000000000000e+01 1.423358917236328125e-04 1.080140876770019531e+01
6.900000000000000000e+01 1.387596130371093750e-04 4.833959341049194336e+00
7.000000000000000000e+01 1.394748687744140625e-04 1.409907031059265137e+01
7.100000000000000000e+01 1.411437988281250000e-04 5.115198135375976562e+00
7.200000000000000000e+01 1.385211944580078125e-04 1.247722792625427246e+01
7.300000000000000000e+01 1.382827758789062500e-04 2.737910985946655273e+00
7.400000000000000000e+01 1.440048217773437500e-04 9.809329509735107422e-01
7.500000000000000000e+01 1.258850097656250000e-04 8.474831819534301758e+00
7.600000000000000000e+01 1.385211944580078125e-04 1.550964593887329102e+00
7.700000000000000000e+01 1.401901245117187500e-04 3.964021921157836914e+00
7.800000000000000000e+01 1.397132873535156250e-04 5.810998439788818359e+00
7.900000000000000000e+01 1.413822174072265625e-04 5.021056413650512695e+00
8.000000000000000000e+01 1.416206359863281250e-04 8.049802780151367188e-01
8.100000000000000000e+01 1.392364501953125000e-04 1.400997519493103027e+01
8.200000000000000000e+01 1.447200775146484375e-04 8.826902389526367188e+00
8.300000000000000000e+01 1.409053802490234375e-04 9.894177436828613281e+00
8.400000000000000000e+01 1.423358917236328125e-04 9.826132297515869141e+00
8.500000000000000000e+01 1.382827758789062500e-04 7.236864566802978516e-01
8.600000000000000000e+01 1.413822174072265625e-04 1.052475214004516602e+00
8.700000000000000000e+01 1.389980316162109375e-04 1.225376129150390625e+00
8.800000000000000000e+01 1.394748687744140625e-04 4.767870426177978516e+00
8.900000000000000000e+01 1.397132873535156250e-04 7.692463397979736328e+00
9.000000000000000000e+01 1.399517059326171875e-04 9.559856176376342773e+00
9.100000000000000000e+01 1.404285430908203125e-04 6.139216423034667969e-01
9.200000000000000000e+01 1.423358917236328125e-04 1.108300542831420898e+01
9.300000000000000000e+01 1.406669616699218750e-04 9.183272361755371094e+00
9.400000000000000000e+01 1.406669616699218750e-04 1.698211431503295898e+00
9.500000000000000000e+01 1.404285430908203125e-04 1.061497449874877930e+00
9.600000000000000000e+01 1.394748687744140625e-04 1.073142862319946289e+01
9.700000000000000000e+01 1.394748687744140625e-04 1.360601782798767090e+01
9.800000000000000000e+01 1.389980316162109375e-04 4.397323846817016602e+00
9.900000000000000000e+01 1.411437988281250000e-04 3.663159608840942383e+00
1.000000000000000000e+02 1.394748687744140625e-04 5.061371803283691406e+00
