1.000000000000000000e+00 1.349449157714843750e-03 1.084984466075897217e+03
2.000000000000000000e+00 1.155853271484375000e-03 9.567519884109497070e+02
3.000000000000000000e+00 6.365776062011718750e-04 3.586133570671081543e+02
4.000000000000000000e+00 8.878707885742187500e-04 8.018331143856048584e+02
5.000000000000000000e+00 1.256465911865234375e-03 1.005803996562957764e+03
6.000000000000000000e+00 4.348754882812500000e-04 1.946497993469238281e+02
7.000000000000000000e+00 1.359462738037109375e-03 1.152338078022003174e+03
8.000000000000000000e+00 1.458644866943359375e-03 1.286606336116790771e+03
9.000000000000000000e+00 9.481906890869140625e-04 7.292263658046722412e+02
1.000000000000000000e+01 1.362085342407226562e-03 1.166142640352249146e+03
1.100000000000000000e+01 1.429319381713867188e-03 1.168764674425125122e+03
1.200000000000000000e+01 4.820823669433593750e-04 2.469102792739868164e+02
1.300000000000000000e+01 1.269817352294921875e-03 1.076094008445739746e+03
1.400000000000000000e+01 1.237154006958007812e-03 1.027898362398147583e+03
1.500000000000000000e+01 6.952285766601562500e-04 4.482342803478240967e+02
1.600000000000000000e+01 9.427070617675781250e-04 7.308721435070037842e+02
1.700000000000000000e+01 1.650810241699218750e-03 1.479858603715896606e+03
1.800000000000000000e+01 1.505851745605468750e-03 1.302597415924072266e+03
1.900000000000000000e+01 5.550384521484375000e-04 3.071425764560699463e+02
2.000000000000000000e+01 2.846717834472656250e-04 5.915008330345153809e+01
2.100000000000000000e+01 1.099109649658203125e-03 8.847805173397064209e+02
2.200000000000000000e+01 8.540153503417968750e-04 6.262005579471588135e+02
2.300000000000000000e+01 2.188682556152343750e-04 9.876231431961059570e+00
2.400000000000000000e+01 6.532669067382812500e-04 4.055267343521118164e+02
2.500000000000000000e+01 9.851455688476562500e-04 7.476663439273834229e+02
2.600000000000000000e+01 1.235485076904296875e-03 1.018241388797760010e+03
2.700000000000000000e+01 1.261949539184570312e-03 1.051717972755432129e+03
2.800000000000000000e+01 7.231235504150390625e-04 4.809796528816223145e+02
2.900000000000000000e+01 4.630088806152343750e-04 2.207775437831878662e+02
3.000000000000000000e+01 6.721019744873046875e-04 4.238250789642333984e+02
3.100000000000000000e+01 5.688667297363281250e-04 3.092073655128479004e+02
3.200000000000000000e+01 2.870559692382812500e-04 5.345890402793884277e+01
3.300000000000000000e+01 1.174688339233398438e-03 9.587330489158630371e+02
3.400000000000000000e+01 5.936622619628906250e-04 3.634691922664642334e+02
3.500000000000000000e+01 8.330345153808593750e-04 5.903816659450531006e+02
3.600000000000000000e+01 6.048679351806640625e-04 3.663520171642303467e+02
3.700000000000000000e+01 7.789134979248046875e-04 5.770317485332489014e+02
3.800000000000000000e+01 1.654148101806640625e-03 1.491100586891174316e+03
3.900000000000000000e+01 1.616239547729492188e-03 1.427179061412811279e+03
4.000000000000000000e+01 4.794597625732421875e-04 2.444164595603942871e+02
4.100000000000000000e+01 1.141309738159179688e-03 9.212657365798950195e+02
4.200000000000000000e+01 1.426696777343750000e-03 1.196147541999816895e+03
4.300000000000000000e+01 1.142024993896484375e-03 9.009148657321929932e+02
4.400000000000000000e+01 7.677078247070312500e-04 5.337849533557891846e+02
4.500000000000000000e+01 6.928443908691406250e-04 4.694595682621002197e+02
4.600000000000000000e+01 3.840923309326171875e-04 1.279005596637725830e+02
4.700000000000000000e+01 1.598834991455078125e-03 1.350892403841018677e+03
4.800000000000000000e+01 5.540847778320312500e-04 3.009344592094421387e+02
4.900000000000000000e+01 1.342058181762695312e-03 1.138777323484420776e+03
5.000000000000000000e+01 1.150131225585937500e-03 9.255345165729522705e+02
5.100000000000000000e+01 9.722709655761718750e-04 7.173237266540527344e+02
5.200000000000000000e+01 8.792877197265625000e-04 6.737498300075531006e+02
5.300000000000000000e+01 1.753807067871093750e-03 1.511902097702026367e+03
5.400000000000000000e+01 1.435756683349609375e-03 1.266174629211425781e+03
5.500000000000000000e+01 5.862712860107421875e-04 3.613917670249938965e+02
5.600000000000000000e+01 1.001596450805664062e-03 7.937587859630584717e+02
5.700000000000000000e+01 7.686614990234375000e-04 4.739999330043792725e+02
5.800000000000000000e+01 1.319169998168945312e-03 1.055996678829193115e+03
5.900000000000000000e+01 1.082420349121093750e-03 8.685893702507019043e+02
6.000000000000000000e+01 1.359939575195312500e-03 1.169388389348983765e+03
6.100000000000000000e+01 8.945465087890625000e-04 6.095181486606597900e+02
6.200000000000000000e+01 1.361370086669921875e-03 1.169611714124679565e+03
6.300000000000000000e+01 1.555681228637695312e-03 1.330205583095550537e+03
6.400000000000000000e+01 1.143455505371093750e-03 9.810007190704345703e+02
6.500000000000000000e+01 6.403923034667968750e-04 3.940622432231903076e+02
6.600000000000000000e+01 8.347034454345703125e-04 6.170476000308990479e+02
6.700000000000000000e+01 3.621578216552734375e-04 1.182688806056976318e+02
6.800000000000000000e+01 1.374959945678710938e-03 1.167711603164672852e+03
6.900000000000000000e+01 1.485109329223632812e-03 1.216476317167282104e+03
7.000000000000000000e+01 5.755424499511718750e-04 3.772165625095367432e+02
7.100000000000000000e+01 4.079341888427734375e-04 1.671420292854309082e+02
7.200000000000000000e+01 1.286029815673828125e-03 1.080530711412429810e+03
7.300000000000000000e+01 6.294250488281250000e-04 3.951481261253356934e+02
7.400000000000000000e+01 1.331567764282226562e-03 1.155379696607589722e+03
7.500000000000000000e+01 8.420944213867187500e-04 6.517335977554321289e+02
7.600000000000000000e+01 1.473426818847656250e-03 1.275274954080581665e+03
7.700000000000000000e+01 7.350444793701171875e-04 4.660390946865081787e+02
7.800000000000000000e+01 5.352497100830078125e-04 2.799430036544799805e+02
7.900000000000000000e+01 1.584768295288085938e-03 1.357948250770568848e+03
8.000000000000000000e+01 7.116794586181640625e-04 5.121719105243682861e+02
8.100000000000000000e+01 4.048347473144531250e-04 1.663998882770538330e+02
8.200000000000000000e+01 1.483201980590820312e-03 1.308187303781509399e+03
8.300000000000000000e+01 5.168914794921875000e-04 2.844992876052856445e+02
8.400000000000000000e+01 1.450777053833007812e-03 1.213403149843215942e+03
8.500000000000000000e+01 5.066394805908203125e-04 2.569605240821838379e+02
8.600000000000000000e+01 2.648830413818359375e-04 3.587122106552124023e+01
8.700000000000000000e+01 6.580352783203125000e-04 3.576561093330383301e+02
8.800000000000000000e+01 1.609325408935546875e-03 1.347921306371688843e+03
8.900000000000000000e+01 5.826950073242187500e-04 3.514644172191619873e+02
9.000000000000000000e+01 1.501083374023437500e-03 1.279238409996032715e+03
9.100000000000000000e+01 1.203536987304687500e-03 1.009825753688812256e+03
9.200000000000000000e+01 5.474090576171875000e-04 3.254196982383728027e+02
9.300000000000000000e+01 3.566741943359375000e-04 1.166176257133483887e+02
9.400000000000000000e+01 1.448869705200195312e-03 1.276906727313995361e+03
9.500000000000000000e+01 3.328323364257812500e-04 8.998237848281860352e+01
9.600000000000000000e+01 8.997917175292968750e-04 5.377629754543304443e+02
9.700000000000000000e+01 3.225803375244140625e-04 7.428359913825988770e+01
9.800000000000000000e+01 1.194000244140625000e-03 1.005955695867538452e+03
9.900000000000000000e+01 9.255409240722656250e-04 6.723812434673309326e+02
1.000000000000000000e+02 1.498222351074218750e-03 1.327285027742385864e+03
